126482446
94618049
134899228
162271954
190063430
854901379
931762164
836316487
150785152
696687647
229306012
823717056
496970086
812255202
131574416
92936075
935172419
992959945
79708614
695556933
950482325
48034972
766771320
147242239
28510438
163857794
183905602
206506086
466250451
136255354
72552651
179122584
48893421
446699865
614603576
542830589
543114323
500601197
90131691
467110256
577392142
136443021
496789097
400123822
747719636
214737896
817025645
65737149
143662611
250613678
784258171
142720133
109846704
906100773
779129964
176366889
97474134
460120312
879729668
793808122
533693230
42304622
463657800
646825610
149495712
472964924
797780136
600770697
74803819
655322402
157825412
122391197
24150891
848822715
722162135
810038301
671313857
72302349
517857559
116965093
412993949
473688875
807131251
752960873
160502290
672525214
783589556
123278702
191729515
1008424750
175189837
169539617
471685664
776474056
123355356
148588540
512535130
184589724
741229569
113028874
790167759
414070550
716279573
216351084
954973119
29923971
773185713
704557048
776751504
71897376
271117427
626747405
820262215
93305727
926274428
37323664
583098940
510453927
673440976
798002538
89969094
777700650
557359020
142898099
735566294
25233449
151409846
190110029
587350743
754246106
805456112
439878030
10985633
153450729
162145194
237061035
858359149
516315196
906442059
886975861
738746247
124467333
93381903
115590970
671502034
825030170
941410031
214306524
48677263
45839490
470973222
48962167
582689327
584184005
93828097
205775893
165572706
862499417
193290026
427263526
55734416
716328913
276504990
605425209
818506560
71181639
534168696
568682215
137621174
70947583
598495509
752988454
77415295
158804879
67519684
952340772
214410049
217871888
203654142
119506529
44525650
50988750
49207184